Chromosome	Position(bp)	Rate(cM/Mb)	Map(cM)
chrX_par1	150118	1.134623	0.000000
chrX_par1	154675	1.129628	0.005170
chrX_par1	154753	1.136545	0.005259
chrX_par1	168567	1.586575	0.020959
chrX_par1	168822	1.985777	0.021363
chrX_par1	169922	3.559686	0.023548
chrX_par1	172611	5.232795	0.033120
chrX_par1	172881	5.256222	0.034533
chrX_par1	176827	5.241851	0.055274
chrX_par1	177767	5.227712	0.060201
chrX_par1	202664	4.793997	0.190355
chrX_par1	205383	4.792419	0.203390
chrX_par1	206504	4.669372	0.208763
chrX_par1	208386	4.587339	0.217550
chrX_par1	208434	4.468688	0.217770
chrX_par1	219978	4.270654	0.269357
chrX_par1	221431	6.011466	0.275562
chrX_par1	285850	3.404216	0.662815
chrX_par1	287573	2.495113	0.668680
chrX_par1	290475	2.466252	0.675921
chrX_par1	291839	2.454695	0.679285
chrX_par1	294017	2.450934	0.684631
chrX_par1	294018	2.448836	0.684634
chrX_par1	295132	2.425417	0.687362
chrX_par1	297283	1.759834	0.692579
chrX_par1	298440	0.332998	0.694615
chrX_par1	302139	0.323675	0.695847
chrX_par1	302533	0.323285	0.695974
chrX_par1	302966	0.319195	0.696114
chrX_par1	308565	0.319317	0.697902
chrX_par1	310897	0.938350	0.698646
chrX_par1	311316	1.086834	0.699039
chrX_par1	311671	1.261059	0.699425
chrX_par1	312029	1.123890	0.699877
chrX_par1	313626	0.615963	0.701672
chrX_par1	313771	0.476223	0.701761
chrX_par1	316699	0.742155	0.703155
chrX_par1	316853	1.111371	0.703270
chrX_par1	317312	1.152144	0.703780
chrX_par1	317771	1.545036	0.704308
chrX_par1	317834	2.217123	0.704406
chrX_par1	317940	2.616554	0.704641
chrX_par1	317966	2.730784	0.704709
chrX_par1	318164	2.738414	0.705250
chrX_par1	318180	2.492975	0.705293
chrX_par1	318227	3.008361	0.705411
chrX_par1	318325	3.660083	0.705705
chrX_par1	318438	3.657913	0.706119
chrX_par1	318819	3.656130	0.707513
chrX_par1	318955	3.661999	0.708010
chrX_par1	319306	2.195375	0.709295
chrX_par1	319481	1.223499	0.709679
chrX_par1	319530	1.044231	0.709739
chrX_par1	319606	0.913936	0.709819
chrX_par1	319637	0.795776	0.709847
chrX_par1	319832	0.598158	0.710002
chrX_par1	319852	0.444186	0.710014
chrX_par1	320203	0.434607	0.710170
chrX_par1	320580	0.429545	0.710334
chrX_par1	323713	1.122739	0.711680
chrX_par1	324662	2.586563	0.712745
chrX_par1	331033	3.646085	0.729224
chrX_par1	331641	3.735484	0.731441
chrX_par1	333275	2.575928	0.737545
chrX_par1	342775	2.623492	0.762016
chrX_par1	345795	2.623482	0.769939
chrX_par1	350051	6.018106	0.781105
chrX_par1	351651	10.480532	0.790734
chrX_par1	352764	10.660815	0.802398
chrX_par1	353979	10.708065	0.815351
chrX_par1	356282	10.737042	0.840012
chrX_par1	357243	10.754774	0.850330
chrX_par1	361126	10.772964	0.892091
chrX_par1	361199	10.781718	0.892877
chrX_par1	361628	10.782381	0.897503
chrX_par1	370446	10.782543	0.992582
chrX_par1	374959	10.785293	1.041243
chrX_par1	375343	10.785293	1.045385
chrX_par1	379653	10.784474	1.091870
chrX_par1	379870	10.789036	1.094210
chrX_par1	380020	10.789036	1.095828
chrX_par1	388839	10.793664	1.190977
chrX_par1	391747	10.793664	1.222365
chrX_par1	391928	10.796506	1.224318
chrX_par1	393803	10.808930	1.244562
chrX_par1	395987	10.812277	1.268168
chrX_par1	398974	10.794475	1.300465
chrX_par1	400108	10.579821	1.312706
chrX_par1	403395	10.247473	1.347482
chrX_par1	403881	9.768700	1.352462
chrX_par1	404445	9.674220	1.357971
chrX_par1	404868	3.821165	1.362064
chrX_par1	405007	3.820791	1.362595
chrX_par1	406672	3.823878	1.368956
chrX_par1	407015	3.827662	1.370268
chrX_par1	409482	3.829961	1.379711
chrX_par1	411996	3.837486	1.389339
chrX_par1	412394	3.844805	1.390867
chrX_par1	412431	3.844805	1.391009
chrX_par1	417739	8.909767	1.411417
chrX_par1	420296	13.128383	1.434199
chrX_par1	423554	13.586064	1.476972
chrX_par1	423589	13.856914	1.477447
chrX_par1	425232	13.856914	1.500214
chrX_par1	429366	13.856914	1.557499
chrX_par1	432026	13.857289	1.594358
chrX_par1	432464	13.857289	1.600427
chrX_par1	432708	13.857289	1.603809
chrX_par1	435263	13.857289	1.639214
chrX_par1	436362	13.857289	1.654443
chrX_par1	438820	13.857289	1.688504
chrX_par1	443567	13.857289	1.754285
chrX_par1	443771	13.857289	1.757112
chrX_par1	443911	13.854832	1.759052
chrX_par1	444084	13.253535	1.761449
chrX_par1	444601	4.251640	1.768301
chrX_par1	446803	4.255457	1.777663
chrX_par1	446926	4.261289	1.778186
chrX_par1	447383	4.282092	1.780134
chrX_par1	449065	4.346108	1.787336
chrX_par1	451142	14.025993	1.796363
chrX_par1	455883	14.027202	1.862860
chrX_par1	457102	14.048229	1.879959
chrX_par1	458034	14.074217	1.893052
chrX_par1	458133	14.074217	1.894446
chrX_par1	460908	14.076490	1.933502
chrX_par1	460959	14.075473	1.934220
chrX_par1	463631	14.073955	1.971829
chrX_par1	463983	14.069948	1.976783
chrX_par1	465770	14.069948	2.001926
chrX_par1	468364	14.044384	2.038424
chrX_par1	468417	14.043916	2.039168
chrX_par1	468501	14.007905	2.040348
chrX_par1	469006	13.956812	2.047422
chrX_par1	477422	13.824605	2.164882
chrX_par1	478748	13.609760	2.183214
chrX_par1	480645	13.454387	2.209031
chrX_par1	482028	13.454387	2.227639
chrX_par1	487046	11.454351	2.295153
chrX_par1	487803	8.705484	2.303824
chrX_par1	489911	8.475756	2.322175
chrX_par1	489934	8.255745	2.322370
chrX_par1	490460	8.259252	2.326713
chrX_par1	492571	8.074107	2.344148
chrX_par1	492847	8.073273	2.346376
chrX_par1	492888	7.958564	2.346707
chrX_par1	498635	7.849695	2.392445
chrX_par1	500359	7.359309	2.405978
chrX_par1	502588	7.821963	2.422382
chrX_par1	502626	8.348885	2.422679
chrX_par1	503271	8.348885	2.428064
chrX_par1	504354	8.377027	2.437106
chrX_par1	504625	8.404533	2.439376
chrX_par1	505742	8.407965	2.448764
chrX_par1	507542	8.102161	2.463898
chrX_par1	509436	8.102161	2.479244
chrX_par1	509591	5.257927	2.480500
chrX_par1	512531	5.580935	2.495958
chrX_par1	512557	5.931150	2.496103
chrX_par1	513369	7.536253	2.500919
chrX_par1	513590	9.969020	2.502585
chrX_par1	513921	12.551953	2.505884
chrX_par1	519500	12.507301	2.575912
chrX_par1	520151	12.502794	2.584054
chrX_par1	522827	12.549583	2.617512
chrX_par1	524464	12.547492	2.638055
chrX_par1	524871	12.540979	2.643162
chrX_par1	525951	12.476682	2.656706
chrX_par1	528518	12.377029	2.688734
chrX_par1	528573	12.268531	2.689415
chrX_par1	528914	12.197178	2.693598
chrX_par1	532467	11.782767	2.736935
chrX_par1	535813	11.791792	2.776360
chrX_par1	535913	10.651539	2.777539
chrX_par1	536061	9.757250	2.779116
chrX_par1	536122	8.904863	2.779711
chrX_par1	538059	8.864552	2.796959
chrX_par1	538103	8.865904	2.797350
chrX_par1	539091	8.863411	2.806109
chrX_par1	539270	8.860182	2.807696
chrX_par1	539358	8.904538	2.808475
chrX_par1	542277	8.987435	2.834468
chrX_par1	543406	9.127581	2.844614
chrX_par1	546480	9.260383	2.872673
chrX_par1	547183	9.373791	2.879183
chrX_par1	547306	9.596869	2.880336
chrX_par1	547963	9.862880	2.886641
chrX_par1	548481	10.052025	2.891750
chrX_par1	549324	10.024065	2.900224
chrX_par1	550567	10.158042	2.912684
chrX_par1	552190	10.121385	2.929170
chrX_par1	553070	3.330461	2.938077
chrX_par1	554983	3.205987	2.944448
chrX_par1	556921	3.210929	2.950661
chrX_par1	557856	3.212089	2.953663
chrX_par1	561068	3.197940	2.963981
chrX_par1	568056	5.675027	2.986328
chrX_par1	568246	9.019003	2.987406
chrX_par1	568604	12.859345	2.990635
chrX_par1	582185	13.045518	3.165278
chrX_par1	584836	13.207179	3.199861
chrX_par1	585090	13.207179	3.203216
chrX_par1	591926	13.337527	3.293500
chrX_par1	592944	13.473655	3.307078
chrX_par1	595212	13.562881	3.337636
chrX_par1	596245	13.643441	3.351647
chrX_par1	596647	13.714923	3.357131
chrX_par1	599294	13.750634	3.393435
chrX_par1	600026	13.781557	3.403500
chrX_par1	611400	13.804650	3.560252
chrX_par1	611759	13.821154	3.565207
chrX_par1	618503	13.838148	3.658417
chrX_par1	621170	13.849416	3.695324
chrX_par1	621800	13.856686	3.704049
chrX_par1	623063	13.858431	3.721550
chrX_par1	623242	13.861677	3.724030
chrX_par1	624457	13.862351	3.740872
chrX_par1	624603	13.862351	3.742896
chrX_par1	624689	13.862077	3.744088
chrX_par1	624871	13.862077	3.746611
chrX_par1	627853	13.801412	3.787948
chrX_par1	631613	13.801412	3.839841
chrX_par1	632829	12.843129	3.856624
chrX_par1	640090	12.677282	3.949878
chrX_par1	643862	11.242381	3.997697
chrX_par1	643885	9.570734	3.997955
chrX_par1	644440	8.281617	4.003267
chrX_par1	645966	7.366626	4.015905
chrX_par1	647019	7.367439	4.023662
chrX_par1	647551	7.367439	4.027581
chrX_par1	650221	7.321912	4.047252
chrX_par1	650983	7.324709	4.052831
chrX_par1	652379	7.326192	4.063057
chrX_par1	653664	7.420251	4.072471
chrX_par1	653717	7.624310	4.072864
chrX_par1	654434	8.095420	4.078331
chrX_par1	655386	13.188999	4.086038
chrX_par1	656040	17.383151	4.094663
chrX_par1	656057	21.573147	4.094959
chrX_par1	656152	21.657433	4.097008
chrX_par1	656231	21.713275	4.098719
chrX_par1	659425	19.967582	4.168071
chrX_par1	660336	17.242149	4.186262
chrX_par1	660345	14.881497	4.186417
chrX_par1	661352	14.528616	4.201403
chrX_par1	661381	13.520801	4.201824
chrX_par1	662609	11.238748	4.218428
chrX_par1	662679	3.241496	4.219214
chrX_par1	663209	2.671543	4.220932
chrX_par1	663279	2.307885	4.221119
chrX_par1	663441	1.968060	4.221493
chrX_par1	663455	1.731552	4.221521
chrX_par1	663547	1.694536	4.221680
chrX_par1	663783	1.691209	4.222080
chrX_par1	664483	1.694257	4.223264
chrX_par1	665198	7.494925	4.224475
chrX_par1	665405	10.908867	4.226027
chrX_par1	665594	11.401945	4.228088
chrX_par1	665675	11.435613	4.229012
chrX_par1	665684	11.446592	4.229115
chrX_par1	665748	11.446592	4.229847
chrX_par1	665819	11.446592	4.230660
chrX_par1	666217	11.463590	4.235216
chrX_par1	668171	11.188098	4.257616
chrX_par1	668279	10.852435	4.258824
chrX_par1	668316	10.438788	4.259226
chrX_par1	668454	9.927417	4.260666
chrX_par1	668583	9.164085	4.261947
chrX_par1	670479	8.220062	4.279322
chrX_par1	671188	8.109560	4.285150
chrX_par1	672818	7.400154	4.298369
chrX_par1	673451	7.197024	4.303053
chrX_par1	674451	6.656568	4.310250
chrX_par1	674488	6.140024	4.310496
chrX_par1	674502	5.753421	4.310582
chrX_par1	675224	5.710951	4.314736
chrX_par1	675251	5.511087	4.314890
chrX_par1	676670	11.467530	4.322710
chrX_par1	676682	12.205557	4.322848
chrX_par1	677310	14.757731	4.330513
chrX_par1	677349	15.466820	4.331089
chrX_par1	678578	15.982634	4.350097
chrX_par1	678649	16.467459	4.351232
chrX_par1	679521	16.481035	4.365592
chrX_par1	679597	16.481122	4.366844
chrX_par1	680909	16.530592	4.388468
chrX_par1	681332	17.176132	4.395460
chrX_par1	681431	17.213821	4.397161
chrX_par1	681764	17.217695	4.402893
chrX_par1	682009	17.009310	4.407111
chrX_par1	682100	12.886539	4.408659
chrX_par1	682116	1.836108	4.408865
chrX_par1	684457	2.957706	4.413163
chrX_par1	684696	4.538633	4.413870
chrX_par1	685056	8.327171	4.415504
chrX_par1	687136	8.299373	4.432825
chrX_par1	688399	3.791988	4.443307
chrX_par1	692303	3.783267	4.458111
chrX_par1	692512	3.773751	4.458901
chrX_par1	695620	3.752297	4.470630
chrX_par1	696683	3.752227	4.474619
chrX_par1	696749	7.629281	4.474867
chrX_par1	696995	8.515768	4.476743
chrX_par1	697088	5.834586	4.477535
chrX_par1	697135	0.548422	4.477810
chrX_par1	697436	0.518906	4.477975
chrX_par1	700307	0.511652	4.479464
chrX_par1	700593	0.510278	4.479611
chrX_par1	701936	0.503614	4.480296
chrX_par1	702213	0.241809	4.480436
chrX_par1	705467	0.243003	4.481222
chrX_par1	706137	0.268438	4.481385
chrX_par1	706167	0.298138	4.481393
chrX_par1	706239	0.328750	4.481415
chrX_par1	706291	0.342249	4.481432
chrX_par1	706432	0.407430	4.481480
chrX_par1	706720	2.390697	4.481597
chrX_par1	706787	4.429238	4.481758
chrX_par1	706936	7.480485	4.482418
chrX_par1	707050	3.371794	4.483270
chrX_par1	707404	1.281506	4.484464
chrX_par1	708327	1.340047	4.485647
chrX_par1	712523	1.340845	4.491270
chrX_par1	713060	1.344824	4.491990
chrX_par1	713300	1.353207	4.492312
chrX_par1	715476	3.712773	4.495257
chrX_par1	717742	2.670014	4.503670
chrX_par1	718123	1.732347	4.504687
chrX_par1	723535	2.202058	4.514063
chrX_par1	725756	2.288827	4.518954
chrX_par1	727566	2.324736	4.523096
chrX_par1	728370	2.405547	4.524966
chrX_par1	728449	2.498047	4.525156
chrX_par1	729692	16.312625	4.528261
chrX_par1	732714	17.698865	4.577557
chrX_par1	732742	17.698865	4.578053
chrX_par1	732913	19.343785	4.581079
chrX_par1	734851	19.524218	4.618568
chrX_par1	735448	19.562285	4.630224
chrX_par1	737011	19.562285	4.660800
chrX_par1	737628	19.562285	4.672869
chrX_par1	742052	19.562285	4.759413
chrX_par1	742117	19.562285	4.760685
chrX_par1	742548	19.562285	4.769116
chrX_par1	742723	19.562285	4.772539
chrX_par1	742745	19.562285	4.772970
chrX_par1	744677	19.562285	4.810764
chrX_par1	745464	19.562285	4.826160
chrX_par1	745714	19.562285	4.831050
chrX_par1	745858	19.554769	4.833867
chrX_par1	746462	11.713423	4.845678
chrX_par1	747125	11.673450	4.853444
chrX_par1	747249	11.665396	4.854892
chrX_par1	747364	11.663491	4.856233
chrX_par1	748053	15.312377	4.864269
chrX_par1	748722	15.548128	4.874513
chrX_par1	750176	15.548128	4.897120
chrX_par1	752149	13.828183	4.927797
chrX_par1	752269	11.837113	4.929456
chrX_par1	752635	11.240188	4.933789
chrX_par1	756147	11.830848	4.973264
chrX_par1	756542	11.830848	4.977937
chrX_par1	756750	11.830848	4.980398
chrX_par1	759557	12.072675	5.013607
chrX_par1	766479	12.072675	5.097174
chrX_par1	766859	12.072675	5.101762
chrX_par1	767577	12.060256	5.110430
chrX_par1	770203	11.958579	5.142100
chrX_par1	772984	11.954286	5.175357
chrX_par1	776103	11.952037	5.212643
chrX_par1	776769	11.952037	5.220603
chrX_par1	780594	11.903463	5.266319
chrX_par1	781031	11.827295	5.271521
chrX_par1	782630	10.568826	5.290433
chrX_par1	786727	10.006273	5.333733
chrX_par1	791404	10.945108	5.380533
chrX_par1	791473	12.152450	5.381288
chrX_par1	793985	12.434794	5.411815
chrX_par1	799181	12.450708	5.476426
chrX_par1	802741	12.468923	5.520751
chrX_par1	803950	12.487952	5.535825
chrX_par1	808912	12.496513	5.597791
chrX_par1	809703	12.498664	5.607675
chrX_par1	811957	12.504222	5.635847
chrX_par1	811962	12.511272	5.635910
chrX_par1	812596	12.511782	5.643842
chrX_par1	813559	12.511782	5.655891
chrX_par1	813568	12.511782	5.656004
chrX_par1	814334	12.669779	5.665588
chrX_par1	814694	12.695950	5.670149
chrX_par1	814723	12.719037	5.670517
chrX_par1	815165	12.719037	5.676139
chrX_par1	815242	12.719037	5.677118
chrX_par1	815289	12.720384	5.677716
chrX_par1	816304	12.720384	5.690627
chrX_par1	817313	12.720384	5.703462
chrX_par1	817434	12.718232	5.705001
chrX_par1	817517	12.710318	5.706057
chrX_par1	817580	12.694825	5.706857
chrX_par1	817642	12.684313	5.707644
chrX_par1	817832	12.680617	5.710055
chrX_par1	817976	12.673358	5.711881
chrX_par1	818949	12.678290	5.724212
chrX_par1	822239	12.676058	5.765923
chrX_par1	825904	12.671768	5.812381
chrX_par1	827550	12.669252	5.833239
chrX_par1	828388	12.659788	5.843856
chrX_par1	830501	12.500891	5.870606
chrX_par1	835199	11.209521	5.929335
chrX_par1	835295	9.949578	5.930411
chrX_par1	835551	9.003458	5.932958
chrX_par1	835632	8.401984	5.933687
chrX_par1	835667	7.961088	5.933981
chrX_par1	836108	7.405032	5.937492
chrX_par1	836207	7.402917	5.938225
chrX_par1	838354	9.144752	5.954119
chrX_par1	838716	12.877686	5.957430
chrX_par1	841383	12.877259	5.991775
chrX_par1	846074	12.689849	6.052182
chrX_par1	846113	12.525022	6.052677
chrX_par1	847321	11.370690	6.067807
chrX_par1	847848	0.497985	6.073799
chrX_par1	849078	0.498303	6.074412
chrX_par1	849245	0.481487	6.074495
chrX_par1	850273	0.475236	6.074990
chrX_par1	850332	0.462973	6.075018
chrX_par1	850478	0.455030	6.075086
chrX_par1	850676	0.447047	6.075176
chrX_par1	851126	0.537556	6.075377
chrX_par1	851541	0.478345	6.075600
chrX_par1	851698	0.392959	6.075675
chrX_par1	852190	0.397357	6.075868
chrX_par1	852379	0.344393	6.075944
chrX_par1	852639	0.317247	6.076033
chrX_par1	852731	0.334963	6.076062
chrX_par1	855756	0.338905	6.077076
chrX_par1	856620	0.487703	6.077368
chrX_par1	857296	0.741393	6.077698
chrX_par1	857464	0.906985	6.077823
chrX_par1	857562	0.970329	6.077912
chrX_par1	858291	1.033379	6.078619
chrX_par1	858310	1.090459	6.078639
chrX_par1	859150	1.083184	6.079555
chrX_par1	859805	1.084896	6.080264
chrX_par1	864104	5.669420	6.084928
chrX_par1	867677	7.851072	6.105185
chrX_par1	871414	9.092612	6.134524
chrX_par1	872263	17.701863	6.142244
chrX_par1	875325	1.252194	6.196447
chrX_par1	875567	1.144159	6.196750
chrX_par1	875913	1.154703	6.197146
chrX_par1	875989	1.186930	6.197234
chrX_par1	876060	2.492372	6.197318
chrX_par1	876087	6.773318	6.197385
chrX_par1	876357	7.526705	6.199214
chrX_par1	876701	7.712656	6.201803
chrX_par1	878067	7.004359	6.212339
chrX_par1	880985	10.341927	6.232777
chrX_par1	881003	14.006398	6.232964
chrX_par1	881112	15.110029	6.234490
chrX_par1	881166	15.293324	6.235306
chrX_par1	883640	15.418341	6.273142
chrX_par1	892615	15.418341	6.411522
chrX_par1	897662	15.421005	6.489338
chrX_par1	897758	15.426511	6.490818
chrX_par1	898089	15.431995	6.495924
chrX_par1	898172	15.431995	6.497205
chrX_par1	898402	15.435183	6.500755
chrX_par1	899381	15.442452	6.515866
chrX_par1	901532	15.440770	6.549082
chrX_par1	901655	15.440770	6.550982
chrX_par1	901834	15.435629	6.553746
chrX_par1	901895	15.432374	6.554687
chrX_par1	901914	15.430415	6.554980
chrX_par1	902733	13.268159	6.567618
chrX_par1	902756	6.591923	6.567923
chrX_par1	904290	1.958447	6.578035
chrX_par1	904452	1.932066	6.578352
chrX_par1	907060	1.197798	6.583391
chrX_par1	907394	1.185468	6.583791
chrX_par1	908699	1.190836	6.585338
chrX_par1	908787	1.192280	6.585443
chrX_par1	910121	1.186331	6.587034
chrX_par1	911325	1.187248	6.588462
chrX_par1	913175	1.187503	6.590658
chrX_par1	920087	6.260390	6.598866
chrX_par1	920429	19.645175	6.601007
chrX_par1	920485	24.311468	6.602107
chrX_par1	920816	24.385284	6.610155
chrX_par1	921292	24.385284	6.621762
chrX_par1	921922	24.385284	6.637125
chrX_par1	923226	20.365969	6.668923
chrX_par1	923260	16.359157	6.669616
chrX_par1	923520	16.230617	6.673869
chrX_par1	924972	16.230617	6.697436
chrX_par1	924992	18.528397	6.697760
chrX_par1	925521	20.937194	6.707562
chrX_par1	925602	30.730965	6.709258
chrX_par1	926211	30.735174	6.727973
chrX_par1	926340	30.745596	6.731938
chrX_par1	927212	30.745596	6.758748
chrX_par1	927508	30.745596	6.767849
chrX_par1	927580	30.745596	6.770062
chrX_par1	927665	29.859341	6.772676
chrX_par1	927839	18.727173	6.777871
chrX_par1	929189	18.712243	6.803153
chrX_par1	929611	18.311143	6.811050
chrX_par1	929944	17.832753	6.817147
chrX_par1	929996	17.223141	6.818074
chrX_par1	930358	16.251859	6.824309
chrX_par1	930802	6.065457	6.831525
chrX_par1	931093	2.807767	6.833290
chrX_par1	933207	2.802415	6.839226
chrX_par1	933456	2.796735	6.839924
chrX_par1	933592	2.762576	6.840304
chrX_par1	934198	2.066624	6.841978
chrX_par1	934393	1.616108	6.842381
chrX_par1	940716	2.154615	6.852600
chrX_par1	941303	2.492431	6.853864
chrX_par1	942617	2.540193	6.857139
chrX_par1	944098	2.524916	6.860901
chrX_par1	944168	2.497864	6.861078
chrX_par1	944608	2.498912	6.862177
chrX_par1	944859	2.500289	6.862804
chrX_par1	945374	2.572384	6.864092
chrX_par1	947239	4.747784	6.868890
chrX_par1	949989	4.875211	6.881946
chrX_par1	950976	4.892954	6.886758
chrX_par1	954768	4.993213	6.905312
chrX_par1	954917	5.103718	6.906056
chrX_par1	958808	5.261419	6.925915
chrX_par1	963754	5.213396	6.951937
chrX_par1	963978	5.040498	6.953105
chrX_par1	966454	4.686329	6.965586
chrX_par1	967359	4.344061	6.969827
chrX_par1	968159	4.179803	6.973302
chrX_par1	970065	4.327975	6.981269
chrX_par1	971811	4.087060	6.988825
chrX_par1	973778	4.555063	6.996865
chrX_par1	973865	4.620576	6.997261
chrX_par1	974942	4.909506	7.002237
chrX_par1	975535	6.045641	7.005149
chrX_par1	976171	8.467642	7.008994
chrX_par1	976217	11.386218	7.009383
chrX_par1	979904	11.087212	7.051364
chrX_par1	980326	11.052752	7.056043
chrX_par1	980336	11.039980	7.056153
chrX_par1	981280	11.076058	7.066575
chrX_par1	985100	11.075954	7.108886
chrX_par1	987444	11.054075	7.134848
chrX_par1	990180	10.980695	7.165092
chrX_par1	990352	10.853016	7.166980
chrX_par1	990360	10.688342	7.167067
chrX_par1	990845	9.479196	7.172251
chrX_par1	995079	9.469714	7.212386
chrX_par1	995759	9.477716	7.218825
chrX_par1	995974	9.536570	7.220863
chrX_par1	996315	9.715146	7.224115
chrX_par1	1000937	9.722818	7.269018
chrX_par1	1003315	10.297355	7.292139
chrX_par1	1006947	5.567385	7.329539
chrX_par1	1007191	4.167340	7.330898
chrX_par1	1008293	4.119450	7.335490
chrX_par1	1009976	4.560109	7.342423
chrX_par1	1012059	6.696155	7.351922
chrX_par1	1015828	9.541281	7.377160
chrX_par1	1018990	12.668539	7.407329
chrX_par1	1020245	12.793132	7.423228
chrX_par1	1021308	12.968286	7.436827
chrX_par1	1021359	13.089059	7.437489
chrX_par1	1021508	13.230846	7.439439
chrX_par1	1022950	13.236493	7.458518
chrX_par1	1023287	13.236493	7.462979
chrX_par1	1024551	13.236493	7.479709
chrX_par1	1026155	13.236493	7.500941
chrX_par1	1029640	13.236493	7.547070
chrX_par1	1029697	13.236493	7.547824
chrX_par1	1029793	15.509897	7.549095
chrX_par1	1459643	13.228068	14.216025
chrX_par1	1460177	13.157581	14.223088
chrX_par1	1460740	13.219372	14.230496
chrX_par1	1460992	13.210601	14.233827
chrX_par1	1463771	13.214341	14.270540
chrX_par1	1471138	4.472911	14.367890
chrX_par1	1473247	4.451807	14.377323
chrX_par1	1475890	4.262854	14.389089
chrX_par1	1478468	5.736494	14.400079
chrX_par1	1482019	4.985710	14.420449
chrX_par1	1499835	1.205745	14.509275
chrX_par1	1502582	1.031933	14.512587
chrX_par1	1506681	1.245595	14.516817
chrX_par1	1508067	1.506374	14.518543
chrX_par1	1508324	1.688776	14.518930
chrX_par1	1508465	1.712901	14.519168
chrX_par1	1510188	3.595152	14.522120
chrX_par1	1512276	3.619162	14.529626
chrX_par1	1514233	3.294660	14.536709
chrX_par1	1516222	3.287116	14.543262
chrX_par1	1516746	3.234514	14.544984
chrX_par1	1517701	3.216639	14.548073
chrX_par1	1519874	2.804168	14.555063
chrX_par1	1520130	2.226245	14.555781
chrX_par1	1522909	2.220079	14.561968
chrX_par1	1531648	2.119496	14.581369
chrX_par1	1531838	1.759640	14.581772
chrX_par1	1532337	1.240248	14.582650
chrX_par1	1533596	1.161230	14.584211
chrX_par1	1534320	1.123642	14.585052
chrX_par1	1537415	1.206213	14.588530
chrX_par1	1537881	1.243577	14.589092
chrX_par1	1538314	1.392085	14.589630
chrX_par1	1539703	1.060565	14.591564
chrX_par1	1539832	0.807006	14.591701
chrX_par1	1540786	0.676939	14.592471
chrX_par1	1541443	0.631217	14.592915
chrX_par1	1541524	0.587086	14.592966
chrX_par1	1544272	1.574297	14.594580
chrX_par1	1544839	1.535008	14.595472
chrX_par1	1546198	3.645891	14.597558
chrX_par1	1547636	3.645442	14.602801
chrX_par1	1550760	7.655791	14.614190
chrX_par1	1550779	10.944022	14.614335
chrX_par1	1550970	10.948852	14.616425
chrX_par1	1554997	10.943948	14.660516
chrX_par1	1560998	10.943175	14.726191
chrX_par1	1561691	10.941592	14.733775
chrX_par1	1563658	10.941592	14.755297
chrX_par1	1568112	10.941918	14.804031
chrX_par1	1574941	10.928885	14.878753
chrX_par1	1574997	10.886214	14.879365
chrX_par1	1575023	10.852335	14.879648
chrX_par1	1583443	10.897986	14.971025
chrX_par1	1583540	10.919701	14.972082
chrX_par1	1588946	5.639804	15.031114
chrX_par1	1590657	0.050277	15.040763
chrX_par1	1591207	0.030003	15.040791
chrX_par1	1594252	0.029995	15.040882
chrX_par1	1594702	0.030081	15.040896
chrX_par1	1597268	1.437270	15.040973
chrX_par1	1597749	1.735890	15.041664
chrX_par1	1598598	2.679235	15.043138
chrX_par1	1599835	1.891515	15.046452
chrX_par1	1603094	1.890274	15.052617
chrX_par1	1607771	1.787161	15.061458
chrX_par1	1608013	1.627509	15.061890
chrX_par1	1610876	4.611075	15.066550
chrX_par1	1611253	4.715496	15.068288
chrX_par1	1611772	6.523391	15.070735
chrX_par1	1612441	6.664369	15.075100
chrX_par1	1612690	6.666978	15.076759
chrX_par1	1613203	6.667919	15.080179
chrX_par1	1613590	5.540688	15.082760
chrX_par1	1614019	5.196338	15.085137
chrX_par1	1614248	5.179964	15.086327
chrX_par1	1615115	5.213073	15.090818
chrX_par1	1615387	5.226956	15.092236
chrX_par1	1615496	5.236331	15.092805
chrX_par1	1616646	6.157123	15.098827
chrX_par1	1623417	8.384532	15.140517
chrX_par1	1624307	8.804604	15.147979
chrX_par1	1624419	9.217008	15.148965
chrX_par1	1626057	9.303359	15.164063
chrX_par1	1626168	9.021713	15.165095
chrX_par1	1626244	8.683211	15.165781
chrX_par1	1626325	7.893579	15.166484
chrX_par1	1626941	7.894695	15.171347
chrX_par1	1630429	7.634042	15.198884
chrX_par1	1632939	4.885885	15.218045
chrX_par1	1634226	4.507690	15.224333
chrX_par1	1637450	1.620742	15.238866
chrX_par1	1639007	1.612934	15.241389
chrX_par1	1639459	1.586072	15.242118
chrX_par1	1640371	1.522248	15.243565
chrX_par1	1642257	1.485078	15.246436
chrX_par1	1642651	1.471009	15.247021
chrX_par1	1644252	1.446688	15.249376
chrX_par1	1644843	1.396384	15.250231
chrX_par1	1648783	1.272541	15.255733
chrX_par1	1656409	3.904317	15.265437
chrX_par1	1660094	3.689754	15.279825
chrX_par1	1660118	3.503775	15.279913
chrX_par1	1660295	3.501191	15.280533
chrX_par1	1664304	3.494337	15.294570
chrX_par1	1664497	3.482695	15.295244
chrX_par1	1664766	3.472673	15.296181
chrX_par1	1664813	3.438613	15.296344
chrX_par1	1666384	5.480701	15.301746
chrX_par1	1670153	5.511063	15.322403
chrX_par1	1670279	5.566266	15.323097
chrX_par1	1670285	5.598377	15.323131
chrX_par1	1671468	5.965385	15.329754
chrX_par1	1671487	6.316568	15.329867
chrX_par1	1671917	6.369474	15.332583
chrX_par1	1672041	6.368346	15.333373
chrX_par1	1674721	7.399034	15.350440
chrX_par1	1674744	8.629253	15.350610
chrX_par1	1675250	9.406049	15.354977
chrX_par1	1678713	10.132785	15.387550
chrX_par1	1681017	10.138290	15.410896
chrX_par1	1681102	10.137831	15.411758
chrX_par1	1684374	9.990062	15.444929
chrX_par1	1685639	9.917574	15.457566
chrX_par1	1688679	7.246007	15.487715
chrX_par1	1689795	7.245382	15.495802
chrX_par1	1690113	5.924280	15.498106
chrX_par1	1694861	5.827642	15.526234
chrX_par1	1698220	5.777622	15.545809
chrX_par1	1702312	5.732804	15.569452
chrX_par1	1703566	5.715359	15.576640
chrX_par1	1704677	5.690674	15.582990
chrX_par1	1711165	5.693088	15.619911
chrX_par1	1713021	5.663940	15.630478
chrX_par1	1714881	5.663330	15.641013
chrX_par1	1714968	5.664965	15.641505
chrX_par1	1717271	5.672061	15.654552
chrX_par1	1720821	8.872177	15.674688
chrX_par1	1721342	10.080171	15.679310
chrX_par1	1723806	10.912340	15.704147
chrX_par1	1725002	11.820080	15.717199
chrX_par1	1732824	11.869089	15.809655
chrX_par1	1733783	11.885044	15.821038
chrX_par1	1734143	11.901817	15.825316
chrX_par1	1735253	11.902380	15.838527
chrX_par1	1736866	11.907322	15.857726
chrX_par1	1743145	11.913336	15.932492
chrX_par1	1748274	11.918691	15.993596
chrX_par1	1748581	11.919875	15.997255
chrX_par1	1750310	11.921035	16.017864
chrX_par1	1752017	11.921035	16.038213
chrX_par1	1753118	11.920066	16.051338
chrX_par1	1753143	11.916911	16.051636
chrX_par1	1755404	11.914317	16.078580
chrX_par1	1755666	11.832999	16.081702
chrX_par1	1760863	8.119605	16.143198
chrX_par1	1761346	5.690482	16.147120
chrX_par1	1762558	5.316232	16.154017
chrX_par1	1762889	4.610817	16.155776
chrX_par1	1763574	4.617799	16.158935
chrX_par1	1764899	4.337984	16.165053
chrX_par1	1765205	4.120812	16.166381
chrX_par1	1765295	4.073697	16.166752
chrX_par1	1765335	4.056055	16.166915
chrX_par1	1765403	4.053800	16.167190
chrX_par1	1765442	4.055465	16.167349
chrX_par1	1766346	3.758693	16.171015
chrX_par1	1766576	3.801729	16.171879
chrX_par1	1767610	4.106651	16.175810
chrX_par1	1767629	4.416394	16.175888
chrX_par1	1768577	5.646755	16.180075
chrX_par1	1769269	6.067537	16.183982
chrX_par1	1774341	13.696271	16.214757
chrX_par1	1779352	6.843427	16.283389
chrX_par1	1780762	5.947321	16.293038
chrX_par1	1780904	5.149390	16.293883
chrX_par1	1785243	5.812034	16.316226
chrX_par1	1786584	5.931561	16.324020
chrX_par1	1789199	7.007881	16.339531
chrX_par1	1789808	7.134478	16.343799
chrX_par1	1792893	7.134124	16.365809
chrX_par1	1795890	7.135097	16.387190
chrX_par1	1797545	7.165182	16.398998
chrX_par1	1799396	7.171077	16.412261
chrX_par1	1803136	7.184759	16.439081
chrX_par1	1804441	7.204729	16.448457
chrX_par1	1804523	7.204729	16.449048
chrX_par1	1805528	7.233589	16.456288
chrX_par1	1805618	7.233589	16.456939
chrX_par1	1812114	7.232025	16.503929
chrX_par1	1812785	7.193300	16.508782
chrX_par1	1813685	6.960708	16.515255
chrX_par1	1814274	5.722671	16.519355
chrX_par1	1814379	2.205416	16.519956
chrX_par1	1818646	2.448482	16.529367
chrX_par1	1819958	2.492089	16.532579
chrX_par1	1829124	6.482442	16.555422
chrX_par1	1829559	10.715117	16.558242
chrX_par1	1830090	11.270043	16.563931
chrX_par1	1831121	11.920891	16.575551
chrX_par1	1833050	12.821593	16.598546
chrX_par1	1833138	13.416367	16.599674
chrX_par1	1833290	13.898340	16.601714
chrX_par1	1835718	7.309721	16.635459
chrX_par1	1836246	5.067240	16.639318
chrX_par1	1837219	4.818332	16.644249
chrX_par1	1838116	4.774315	16.648571
chrX_par1	1839529	4.748590	16.655317
chrX_par1	1842180	4.729694	16.667905
chrX_par1	1844738	4.727184	16.680004
chrX_par1	1849572	4.729869	16.702855
chrX_par1	1850595	4.739897	16.707694
chrX_par1	1850753	4.748760	16.708443
chrX_par1	1851665	4.759134	16.712774
chrX_par1	1852440	13.820590	16.716462
chrX_par1	1856145	14.801485	16.767667
chrX_par1	1856183	15.477259	16.768230
chrX_par1	1857146	11.423599	16.783134
chrX_par1	1857269	3.870772	16.784539
chrX_par1	1860872	3.829212	16.798486
chrX_par1	1861308	3.682967	16.800155
chrX_par1	1862133	2.583894	16.803194
chrX_par1	1863019	2.493893	16.805483
chrX_par1	1863246	2.450729	16.806049
chrX_par1	1864683	2.389342	16.809571
chrX_par1	1867483	1.814859	16.816261
chrX_par1	1867583	1.365264	16.816443
chrX_par1	1869262	1.353298	16.818735
chrX_par1	1870312	1.346269	16.820156
chrX_par1	1870949	1.342941	16.821013
chrX_par1	1871457	1.340323	16.821696
chrX_par1	1872326	1.338183	16.822860
chrX_par1	1872506	1.337296	16.823101
chrX_par1	1873436	1.330164	16.824345
chrX_par1	1874036	1.320479	16.825143
chrX_par1	1874313	1.308622	16.825509
chrX_par1	1875443	1.310712	16.826987
chrX_par1	1876640	1.323779	16.828556
chrX_par1	1877005	1.332928	16.829040
chrX_par1	1877389	1.332406	16.829551
chrX_par1	1878306	1.334890	16.830773
chrX_par1	1881148	5.839271	16.834567
chrX_par1	1882034	5.839271	16.839741
chrX_par1	1884419	5.838663	16.853667
chrX_par1	1884579	10.446361	16.854601
chrX_par1	1884595	15.291065	16.854769
chrX_par1	1885709	15.294123	16.871803
chrX_par1	1885889	15.603912	16.874556
chrX_par1	1886889	15.603912	16.890160
chrX_par1	1887221	15.603912	16.895340
chrX_par1	1890603	13.068169	16.948113
chrX_par1	1891047	9.994729	16.953915
chrX_par1	1892006	6.512757	16.963500
chrX_par1	1893048	6.468890	16.970286
chrX_par1	1893215	6.443999	16.971366
chrX_par1	1896021	6.437458	16.989448
chrX_par1	1897254	6.423139	16.997386
chrX_par1	1897487	6.414177	16.998882
chrX_par1	1897612	6.437208	16.999684
chrX_par1	1897620	6.498017	16.999736
chrX_par1	1898102	9.069527	17.002868
chrX_par1	1898448	10.676266	17.006006
chrX_par1	1898866	23.296860	17.010468
chrX_par1	1899032	23.336013	17.014336
chrX_par1	1899125	23.336013	17.016506
chrX_par1	1900406	23.336013	17.046399
chrX_par1	1901503	10.559059	17.071999
chrX_par1	1902799	7.562046	17.085683
chrX_par1	1902907	5.458337	17.086500
chrX_par1	1904088	4.694855	17.092946
chrX_par1	1904684	4.429361	17.095745
chrX_par1	1910400	4.429472	17.121063
chrX_par1	1919902	1.431467	17.163152
chrX_par1	1922521	1.482094	17.166901
chrX_par1	1922771	1.538189	17.167271
chrX_par1	1926327	1.548293	17.172741
chrX_par1	1942416	1.529860	17.197651
chrX_par1	1944449	1.529712	17.200762
chrX_par1	1946364	1.530598	17.203691
chrX_par1	1946415	1.532122	17.203769
chrX_par1	1946681	1.533140	17.204177
chrX_par1	1947830	1.533260	17.205938
chrX_par1	1950375	1.644466	17.209840
chrX_par1	1950457	1.793146	17.209975
chrX_par1	1950752	1.880538	17.210504
chrX_par1	1952578	1.874745	17.213938
chrX_par1	1952600	1.872250	17.213979
chrX_par1	1953828	1.854759	17.216278
chrX_par1	1954917	1.753308	17.218298
chrX_par1	1957029	1.380699	17.222001
chrX_par1	1957876	1.277333	17.223171
chrX_par1	1957900	1.170639	17.223201
chrX_par1	1959947	3.592759	17.225598
chrX_par1	1959974	7.007186	17.225695
chrX_par1	1961647	9.538381	17.237418
chrX_par1	1964074	9.540293	17.260567
chrX_par1	1964187	9.539955	17.261645
chrX_par1	1964335	9.538786	17.263057
chrX_par1	1964506	9.529788	17.264688
chrX_par1	1967210	1.001275	17.290457
chrX_par1	1969840	1.006983	17.293090
chrX_par1	1970781	6.676927	17.294038
chrX_par1	1977379	9.035114	17.338092
chrX_par1	1979521	15.441639	17.357445
chrX_par1	1979769	16.710922	17.361275
chrX_par1	1979915	16.822312	17.363715
chrX_par1	1980121	16.993718	17.367180
chrX_par1	1982328	16.993718	17.404685
chrX_par1	1982608	16.993718	17.409444
chrX_par1	1983125	16.993718	17.418229
chrX_par1	1983505	16.993689	17.424687
chrX_par1	1983792	16.993689	17.429564
chrX_par1	1984055	16.993689	17.434033
chrX_par1	1985473	16.993689	17.458131
chrX_par1	1985554	16.983653	17.459507
chrX_par1	1986252	16.797192	17.471362
chrX_par1	1986273	16.270710	17.471714
chrX_par1	1986325	11.182788	17.472560
chrX_par1	1988777	11.189043	17.499981
chrX_par1	1990357	11.189043	17.517659
chrX_par1	1990404	15.262733	17.518185
chrX_par1	1991050	15.262733	17.528045
chrX_par1	1991067	17.093505	17.528304
chrX_par1	1991529	17.093505	17.536202
chrX_par1	1996632	9.171138	17.623430
chrX_par1	1996915	7.018732	17.626025
chrX_par1	1997200	6.766074	17.628025
chrX_par1	1998498	6.830729	17.636808
chrX_par1	1999475	6.800002	17.643481
chrX_par1	1999621	5.295671	17.644474
chrX_par1	2000601	4.401532	17.649664
chrX_par1	2000771	4.402706	17.650412
chrX_par1	2001977	4.076862	17.655722
chrX_par1	2002717	3.987691	17.658739
chrX_par1	2004163	3.987691	17.664505
chrX_par1	2005339	4.025488	17.669195
chrX_par1	2005813	4.380538	17.671103
chrX_par1	2009720	4.065670	17.688217
chrX_par1	2011557	4.195609	17.695686
chrX_par1	2012446	4.214708	17.699416
chrX_par1	2012500	4.264605	17.699644
chrX_par1	2013886	4.234813	17.705554
chrX_par1	2016718	4.211353	17.717547
chrX_par1	2017562	4.197467	17.721102
chrX_par1	2019193	4.189345	17.727948
chrX_par1	2019852	4.136114	17.730709
chrX_par1	2019854	4.083309	17.730717
chrX_par1	2019962	4.029444	17.731158
chrX_par1	2022358	4.022104	17.740812
chrX_par1	2022499	4.007379	17.741379
chrX_par1	2023101	4.082776	17.743792
chrX_par1	2023168	4.940254	17.744065
chrX_par1	2024744	5.557362	17.751851
chrX_par1	2027174	7.778258	17.765356
chrX_par1	2030940	8.471045	17.794649
chrX_par1	2034752	8.425606	17.826940
chrX_par1	2038794	9.380419	17.860996
chrX_par1	2044767	8.307367	17.917026
chrX_par1	2046202	8.362950	17.928947
chrX_par1	2046600	8.373436	17.932275
chrX_par1	2051182	8.438968	17.970642
chrX_par1	2054290	3.656220	17.996871
chrX_par1	2055410	3.727254	18.000966
chrX_par1	2055888	4.592672	18.002747
chrX_par1	2057013	6.658238	18.007914
chrX_par1	2057870	7.474869	18.013620
chrX_par1	2058584	7.496331	18.018957
chrX_par1	2058653	7.396187	18.019474
chrX_par1	2060692	6.548556	18.034555
chrX_par1	2061045	5.928850	18.036867
chrX_par1	2061165	5.083914	18.037578
chrX_par1	2062722	5.140036	18.045494
chrX_par1	2062772	5.133872	18.045751
chrX_par1	2063606	4.587098	18.050033
chrX_par1	2063700	3.043800	18.050464
chrX_par1	2282259	1.581860	18.715714
chrX_par1	2296571	0.637665	18.738353
chrX_par1	2297391	0.542412	18.738876
chrX_par1	2303627	0.536078	18.742259
chrX_par1	2320028	6.491218	18.751051
chrX_par1	2320453	6.901245	18.753810
chrX_par1	2323009	6.897842	18.771449
chrX_par1	2323044	3.187870	18.771691
chrX_par1	2325651	3.181392	18.780001
chrX_par1	2326722	3.173379	18.783409
chrX_par1	2326782	3.165639	18.783599
chrX_par1	2328760	4.494986	18.789861
chrX_par1	2330049	4.480320	18.795655
chrX_par1	2330125	4.465100	18.795995
chrX_par1	2330293	4.132857	18.796745
chrX_par1	2331749	3.798242	18.802763
chrX_par1	2334418	3.798505	18.812900
chrX_par1	2335187	2.734189	18.815821
chrX_par1	2335323	2.666034	18.816193
chrX_par1	2335372	2.658616	18.816324
chrX_par1	2335503	2.649967	18.816672
chrX_par1	2337247	2.640092	18.821294
chrX_par1	2338852	2.637934	18.825531
chrX_par1	2338896	2.635673	18.825647
chrX_par1	2339103	2.633769	18.826193
chrX_par1	2339117	2.631162	18.826230
chrX_par1	2339691	2.639921	18.827740
chrX_par1	2339810	2.793123	18.828054
chrX_par1	2339952	4.941642	18.828451
chrX_par1	2340219	2.839218	18.829770
chrX_par1	2341708	2.839316	18.833998
chrX_par1	2341942	2.838812	18.834662
chrX_par1	2342848	2.842988	18.837234
chrX_par1	2342856	5.739534	18.837257
chrX_par1	2343454	5.742045	18.840689
chrX_par1	2343610	4.462809	18.841585
chrX_par1	2343613	3.189741	18.841598
chrX_par1	2347088	1.957784	18.852683
chrX_par1	2347212	1.842688	18.852925
chrX_par1	2347246	1.852720	18.852988
chrX_par1	2349470	5.569706	18.857108
chrX_par1	2349843	5.602621	18.859186
chrX_par1	2350586	5.584080	18.863349
chrX_par1	2350661	5.556351	18.863767
chrX_par1	2351404	7.408864	18.867896
chrX_par1	2354408	3.916088	18.890152
chrX_par1	2357557	3.914886	18.902484
chrX_par1	2358140	3.931380	18.904766
chrX_par1	2358971	4.108658	18.908033
chrX_par1	2360089	5.004012	18.912627
chrX_par1	2360301	5.197499	18.913688
chrX_par1	2360741	6.679255	18.915974
chrX_par1	2362324	10.802715	18.926548
chrX_par1	2362499	17.790902	18.928438
chrX_par1	2363528	17.676097	18.946745
chrX_par1	2363601	17.485429	18.948035
chrX_par1	2364135	2.174207	18.957373
chrX_par1	2367482	2.169076	18.964650
chrX_par1	2367577	2.161591	18.964856
chrX_par1	2368032	2.048842	18.965839
chrX_par1	2368142	1.958996	18.966065
chrX_par1	2368659	1.907987	18.967077
chrX_par1	2368688	1.863854	18.967133
chrX_par1	2368929	1.503435	18.967582
chrX_par1	2369804	1.504043	18.968897
chrX_par1	2369978	1.395147	18.969159
chrX_par1	2370485	1.378044	18.969866
chrX_par1	2370735	1.377821	18.970211
chrX_par1	2370863	1.360624	18.970387
chrX_par1	2372220	1.358134	18.972234
chrX_par1	2373829	1.359347	18.974419
chrX_par1	2376636	0.626684	18.978235
chrX_par1	2377798	0.625116	18.978963
chrX_par1	2381374	0.626135	18.981198
chrX_par1	2381922	0.626294	18.981541
chrX_par1	2382204	0.626376	18.981718
chrX_par1	2382295	0.626617	18.981775
chrX_par1	2382310	0.626520	18.981784
chrX_par1	2382381	0.626561	18.981829
chrX_par1	2382445	0.626455	18.981869
chrX_par1	2382973	0.626016	18.982200
chrX_par1	2383513	0.626047	18.982538
chrX_par1	2383562	0.626177	18.982568
chrX_par1	2384700	0.630448	18.983281
chrX_par1	2385572	0.933375	18.983831
chrX_par1	2385596	1.224868	18.983853
chrX_par1	2386146	0.914417	18.984527
chrX_par1	2386332	0.898518	18.984697
chrX_par1	2386846	0.520817	18.985159
chrX_par1	2387869	0.519214	18.985692
chrX_par1	2389250	0.389206	18.986409
chrX_par1	2389656	0.259117	18.986567
chrX_par1	2389805	0.159302	18.986605
chrX_par1	2391346	0.157615	18.986851
chrX_par1	2392338	0.165835	18.987007
chrX_par1	2392648	0.197916	18.987058
chrX_par1	2392995	0.271952	18.987127
chrX_par1	2393496	0.523806	18.987263
chrX_par1	2394683	0.543120	18.987885
chrX_par1	2395496	0.563920	18.988327
chrX_par1	2397904	0.801698	18.989685
chrX_par1	2398330	0.804364	18.990026
chrX_par1	2400657	1.359299	18.991898
chrX_par1	2400835	1.560489	18.992140
chrX_par1	2401872	28.695012	18.993758
chrX_par1	2401894	37.881497	18.994389
chrX_par1	2401923	39.692853	18.995488
chrX_par1	2402734	39.692853	19.027679
chrX_par1	2402864	39.692853	19.032839
chrX_par1	2402884	39.692853	19.033633
chrX_par1	2402945	39.692853	19.036054
chrX_par1	2403108	39.692853	19.042524
chrX_par1	2403167	39.692853	19.044866
chrX_par1	2403425	39.692853	19.055107
chrX_par1	2404482	39.692853	19.097062
chrX_par1	2404619	39.653591	19.102500
chrX_par1	2404691	25.948729	19.105355
chrX_par1	2405264	8.856810	19.120224
chrX_par1	2405396	2.643034	19.121393
chrX_par1	2405741	1.855687	19.122305
chrX_par1	2406150	1.854826	19.123063
chrX_par1	2406170	1.719513	19.123101
chrX_par1	2406530	1.717959	19.123720
chrX_par1	2407207	1.414409	19.124883
chrX_par1	2411427	1.406023	19.130851
chrX_par1	2412802	1.403369	19.132785
chrX_par1	2415147	1.399358	19.136076
chrX_par1	2416792	1.395808	19.138378
chrX_par1	2419861	1.390683	19.142661
chrX_par1	2420392	1.391191	19.143400
chrX_par1	2420722	1.356724	19.143859
chrX_par1	2422146	1.247151	19.145791
chrX_par1	2422308	1.140685	19.145993
chrX_par1	2422941	1.103629	19.146715
chrX_par1	2423102	1.065647	19.146893
chrX_par1	2428085	1.271786	19.152203
chrX_par1	2428117	1.501212	19.152243
chrX_par1	2428889	1.539374	19.153402
chrX_par1	2430456	5.755203	19.155815
chrX_par1	2430467	9.929875	19.155878
chrX_par1	2436203	5.658163	19.212836
chrX_par1	2436434	3.386842	19.214143
chrX_par1	2439652	3.487013	19.225042
chrX_par1	2440936	3.548009	19.229519
chrX_par1	2441021	3.609395	19.229820
chrX_par1	2442471	3.587910	19.235054
chrX_par1	2442667	3.562485	19.235757
chrX_par1	2443157	3.538154	19.237503
chrX_par1	2443345	3.513788	19.238168
chrX_par1	2443636	3.505557	19.239191
chrX_par1	2444217	6.402636	19.241227
chrX_par1	2444271	10.199923	19.241573
chrX_par1	2444749	11.193230	19.246449
chrX_par1	2445967	11.193230	19.260082
chrX_par1	2447220	11.193467	19.274107
chrX_par1	2447271	11.193059	19.274678
chrX_par1	2451175	6.669547	19.318376
chrX_par1	2451181	2.557916	19.318416
chrX_par1	2452291	2.336808	19.321255
chrX_par1	2452432	2.088677	19.321584
chrX_par1	2455036	2.088677	19.327023
chrX_par1	2456449	2.062065	19.329975
chrX_par1	2461365	2.071536	19.340112
chrX_par1	2462164	2.434137	19.341767
chrX_par1	2463369	2.245327	19.344700
chrX_par1	2463374	2.052592	19.344711
chrX_par1	2465729	1.623874	19.349545
chrX_par1	2466724	1.623895	19.351161
chrX_par1	2468074	1.739723	19.353353
chrX_par1	2468540	1.971677	19.354164
chrX_par1	2468578	2.459772	19.354239
chrX_par1	2468602	2.528860	19.354298
chrX_par1	2468717	2.537899	19.354589
chrX_par1	2468895	1.838321	19.355040
chrX_par1	2468902	1.033813	19.355053
chrX_par1	2469758	1.513681	19.355938
chrX_par1	2469838	2.246565	19.356059
chrX_par1	2470254	2.054167	19.356994
chrX_par1	2470852	2.054421	19.358222
chrX_par1	2471092	1.802008	19.358715
chrX_par1	2471121	1.386990	19.358768
chrX_par1	2471314	1.568992	19.359035
chrX_par1	2471534	1.669206	19.359380
chrX_par1	2471647	1.790852	19.359569
chrX_par1	2471723	2.027666	19.359705
chrX_par1	2471916	2.305520	19.360097
chrX_par1	2473906	2.255640	19.364685
chrX_par1	2473976	2.204676	19.364842
chrX_par1	2474375	2.166136	19.365722
chrX_par1	2475074	1.828543	19.367236
chrX_par1	2475212	1.487297	19.367489
chrX_par1	2475486	1.486781	19.367896
chrX_par1	2475899	1.581807	19.368510
chrX_par1	2476008	1.554376	19.368683
chrX_par1	2476073	1.288355	19.368784
chrX_par1	2476788	0.505080	19.369705
chrX_par1	2477187	0.543054	19.369906
chrX_par1	2477195	0.580845	19.369911
chrX_par1	2477451	0.579516	19.370059
chrX_par1	2477704	0.453254	19.370206
chrX_par1	2478296	0.455375	19.370474
chrX_par1	2478595	0.495648	19.370610
chrX_par1	2478739	0.558429	19.370682
chrX_par1	2478806	0.653668	19.370719
chrX_par1	2478827	0.751677	19.370733
chrX_par1	2479664	0.738840	19.371362
chrX_par1	2480894	0.803145	19.372271
chrX_par1	2482829	0.879592	19.373825
chrX_par1	2483289	0.924233	19.374230
chrX_par1	2483461	1.206281	19.374389
chrX_par1	2483943	1.389722	19.374970
chrX_par1	2484103	1.453601	19.375192
chrX_par1	2484928	1.505809	19.376392
chrX_par1	2485998	1.537619	19.378003
chrX_par1	2486516	1.610468	19.378799
chrX_par1	2487613	1.669348	19.380566
chrX_par1	2490525	1.699464	19.385427
chrX_par1	2491419	1.836177	19.386946
chrX_par1	2492302	1.836668	19.388568
chrX_par1	2493225	1.834317	19.390263
chrX_par1	2493262	1.817888	19.390331
chrX_par1	2493304	1.776444	19.390407
chrX_par1	2496185	2.407873	19.395525
chrX_par1	2496921	3.064340	19.397297
chrX_par1	2496995	3.476640	19.397524
chrX_par1	2498614	3.542948	19.403153
chrX_par1	2503731	3.553902	19.421282
chrX_par1	2505394	6.731838	19.427192
chrX_par1	2507693	6.830339	19.442669
chrX_par1	2508998	7.513639	19.451582
chrX_par1	2521342	10.934357	19.544331
chrX_par1	2523113	10.980153	19.563695
chrX_par1	2527089	11.094345	19.607352
chrX_par1	2529287	11.129819	19.631738
chrX_par1	2532771	11.139684	19.670514
chrX_par1	2533642	11.152150	19.680217
chrX_par1	2533881	11.166201	19.682882
chrX_par1	2533984	11.170136	19.684032
chrX_par1	2534402	11.268142	19.688701
chrX_par1	2534707	11.479420	19.692138
chrX_par1	2534840	11.480107	19.693665
chrX_par1	2535285	11.723897	19.698774
chrX_par1	2535445	11.951804	19.700649
chrX_par1	2537648	11.872370	19.726979
chrX_par1	2541655	4.037606	19.774552
chrX_par1	2542222	1.600389	19.776841
chrX_par1	2543788	1.523799	19.779347
chrX_par1	2544488	1.498597	19.780414
chrX_par1	2544550	1.477582	19.780507
chrX_par1	2545172	1.318025	19.781426
chrX_par1	2545593	0.814117	19.781981
chrX_par1	2546305	0.767712	19.782560
chrX_par1	2546321	0.723332	19.782573
chrX_par1	2550650	0.783586	19.785704
chrX_par1	2551811	0.992157	19.786614
chrX_par1	2553545	1.014680	19.788334
chrX_par1	2553842	1.044033	19.788636
chrX_par1	2554896	1.395431	19.789736
chrX_par1	2555569	1.506540	19.790675
chrX_par1	2556024	1.905347	19.791361
chrX_par1	2556061	2.366951	19.791431
chrX_par1	2557148	2.317677	19.794004
chrX_par1	2557284	2.265337	19.794319
chrX_par1	2557310	2.217010	19.794378
chrX_par1	2557643	2.098604	19.795116
chrX_par1	2558148	2.072041	19.796176
chrX_par1	2558217	2.055022	19.796319
chrX_par1	2559247	2.322276	19.798436
chrX_par1	2559951	2.442674	19.800071
chrX_par1	2560111	2.839757	19.800461
chrX_par1	2560189	3.206449	19.800683
chrX_par1	2560365	3.270703	19.801247
chrX_par1	2560578	6.400994	19.801944
chrX_par1	2561316	6.657909	19.806668
chrX_par1	2562338	2.603208	19.813472
chrX_par1	2563359	2.533845	19.816130
chrX_par1	2563679	2.548555	19.816941
chrX_par1	2563891	2.680358	19.817481
chrX_par1	2564410	3.505843	19.818872
chrX_par1	2565015	3.531853	19.820993
chrX_par1	2565296	3.702898	19.821986
chrX_par1	2565431	3.720033	19.822486
chrX_par1	2565442	3.733445	19.822527
chrX_par1	2565588	3.749631	19.823072
chrX_par1	2565620	3.768156	19.823192
chrX_par1	2565832	3.745892	19.823991
chrX_par1	2566123	2.076922	19.825081
chrX_par1	2566750	2.221584	19.826383
chrX_par1	2567114	2.244656	19.827192
chrX_par1	2567203	2.244829	19.827391
chrX_par1	2567237	2.244498	19.827468
chrX_par1	2567285	3.448467	19.827575
chrX_par1	2567377	3.897654	19.827893
chrX_par1	2567547	13.907202	19.828555
chrX_par1	2567647	21.723734	19.829946
chrX_par1	2571725	21.458105	19.918535
chrX_par1	2573339	20.996567	19.953169
chrX_par1	2574604	14.904568	19.979729
chrX_par1	2574976	13.564586	19.985274
chrX_par1	2575151	13.057270	19.987648
chrX_par1	2576488	12.429465	20.005105
chrX_par1	2576541	12.429465	20.005764
chrX_par1	2579667	3.850154	20.044619
chrX_par1	2581670	3.854972	20.052330
chrX_par1	2582648	3.928957	20.056101
chrX_par1	2582972	4.884790	20.057374
chrX_par1	2583065	5.403760	20.057828
chrX_par1	2583761	17.486408	20.061589
chrX_par1	2585244	20.471515	20.087521
chrX_par1	2585621	20.596426	20.095239
chrX_par1	2585747	20.600193	20.097834
chrX_par1	2585794	20.600193	20.098802
chrX_par1	2586870	20.573741	20.120968
chrX_par1	2587045	12.087711	20.124569
chrX_par1	2588919	7.599487	20.147221
chrX_par1	2589272	7.545022	20.149904
chrX_par1	2589457	7.550230	20.151299
chrX_par1	2589517	7.560270	20.151752
chrX_par1	2590115	9.199149	20.156273
chrX_par1	2590182	10.517731	20.156890
chrX_par1	2591190	10.610857	20.167492
chrX_par1	2591888	10.662398	20.174898
chrX_par1	2594011	18.439048	20.197534
chrX_par1	2594150	26.599497	20.200097
chrX_par1	2595059	26.599497	20.224276
chrX_par1	2595450	26.607622	20.234677
chrX_par1	2595659	26.607622	20.240238
chrX_par1	2596778	20.948517	20.270012
chrX_par1	2598397	13.101868	20.303927
chrX_par1	2599319	2.352796	20.316007
chrX_par1	2599449	1.156777	20.316313
chrX_par1	2599615	1.158620	20.316505
chrX_par1	2602911	1.205968	20.320324
chrX_par1	2604674	1.418227	20.322450
chrX_par1	2605022	2.534031	20.322944
chrX_par1	2608135	4.499785	20.330832
chrX_par1	2610494	4.511465	20.341447
chrX_par1	2613232	4.509597	20.353799
chrX_par1	2613997	4.506178	20.357249
chrX_par1	2614012	4.498689	20.357317
chrX_par1	2614082	4.429472	20.357632
chrX_par1	2614112	4.301105	20.357765
chrX_par1	2614186	4.294238	20.358083
chrX_par1	2615596	1.393235	20.364138
chrX_par1	2615987	0.955001	20.364682
chrX_par1	2616892	0.661017	20.365547
chrX_par1	2618088	0.637737	20.366337
chrX_par1	2619477	0.655261	20.367223
chrX_par1	2622418	0.664347	20.369150
chrX_par1	2623153	0.997930	20.369639
chrX_par1	2624467	1.234107	20.370950
chrX_par1	2624524	1.493580	20.371020
chrX_par1	2624707	1.705992	20.371294
chrX_par1	2625443	1.717129	20.372549
chrX_par1	2625766	1.715333	20.373104
chrX_par1	2626702	1.716977	20.374709
chrX_par1	2626860	1.706242	20.374981
chrX_par1	2627704	2.375616	20.376421
chrX_par1	2627829	3.459386	20.376718
chrX_par1	2628479	3.682358	20.378966
chrX_par1	2628776	3.669156	20.380060
chrX_par1	2630620	4.207173	20.386826
chrX_par1	2632822	23.134399	20.396090
chrX_par1	2633624	23.134399	20.414644
chrX_par1	2633980	23.134399	20.422880
chrX_par1	2634821	20.750984	20.442336
chrX_par1	2635089	16.050679	20.447897
chrX_par1	2635489	8.973507	20.454317
chrX_par1	2635620	3.290190	20.455493
chrX_par1	2637014	3.292627	20.460079
chrX_par1	2637230	3.266987	20.460790
chrX_par1	2637507	3.266041	20.461695
chrX_par1	2638112	4.553624	20.463671
chrX_par1	2638499	5.180621	20.465434
chrX_par1	2639027	5.179351	20.468169
chrX_par1	2641202	5.146086	20.479434
chrX_par1	2641612	5.104092	20.481544
chrX_par1	2642269	5.075050	20.484897
chrX_par1	2643485	5.228697	20.491069
chrX_par1	2644302	5.290009	20.495340
chrX_par1	2645366	5.407356	20.500969
chrX_par1	2647649	6.792715	20.513314
chrX_par1	2648084	6.792715	20.516269
chrX_par1	2648588	7.666464	20.519692
chrX_par1	2649057	7.912498	20.523288
chrX_par1	2649832	7.991906	20.529420
chrX_par1	2650283	8.010480	20.533024
chrX_par1	2650310	8.016419	20.533241
chrX_par1	2650564	8.001906	20.535277
chrX_par1	2650892	7.827595	20.537902
chrX_par1	2651377	6.751249	20.541698
chrX_par1	2653552	5.803309	20.556382
chrX_par1	2653913	5.303522	20.558477
chrX_par1	2654460	3.663182	20.561378
chrX_par1	2655132	3.617289	20.563840
chrX_par1	2656261	3.430321	20.567924
chrX_par1	2656850	3.188793	20.569944
chrX_par1	2658299	3.173749	20.574565
chrX_par1	2658316	3.158592	20.574618
chrX_par1	2659439	3.044692	20.578166
chrX_par1	2659951	1.578270	20.579724
chrX_par1	2661852	1.527447	20.582725
chrX_par1	2664273	1.501876	20.586423
chrX_par1	2666384	1.494716	20.589593
chrX_par1	2666944	1.492293	20.590430
chrX_par1	2667033	1.485736	20.590563
chrX_par1	2669945	1.486158	20.594889
chrX_par1	2672505	8.432127	20.598694
chrX_par1	2674276	17.384594	20.613627
chrX_par1	2676160	17.386458	20.646380
chrX_par1	2677134	15.612365	20.663314
chrX_par1	2677162	13.259622	20.663751
chrX_par1	2677850	13.285634	20.672874
chrX_par1	2679093	13.296430	20.689388
chrX_par1	2679949	13.312329	20.700770
chrX_par1	2680157	13.334555	20.703539
chrX_par1	2682149	13.391530	20.730101
chrX_par1	2685147	13.266380	20.770249
chrX_par1	2686866	2.433607	20.793054
chrX_par1	2687960	2.443987	20.795716
chrX_par1	2688542	2.400809	20.797139
chrX_par1	2688959	2.454035	20.798140
chrX_par1	2689534	2.950669	20.799551
chrX_par1	2689575	3.689039	20.799672
chrX_par1	2689886	7.306691	20.800819
chrX_par1	2690310	7.338888	20.803917
chrX_par1	2690827	7.339469	20.807711
chrX_par1	2692597	7.335194	20.820702
chrX_par1	2694240	4.579991	20.832754
chrX_par1	2695340	0.000000	20.837792
